[ELEMENT ЛМ 30-11-14]
ЛМ 30-11-14

[VIEW_TOP ЛМ 30-11-14]
0,0
3000,0
3000,1050
0,1050

[VIEW_SIDE ЛМ 30-11-14]
0,0
3000,0
3000,140
2700,140
2700,280
2400,280
2400,420
2100,420
2100,560
1800,560
1800,700
1500,700
1500,840
1200,840
1200,980
900,980
900,1120
600,1120
600,1260
300,1260
300,1400
0,1400

[VIEW_FRONT ЛМ 30-11-14]
0,0
1050,0
1050,1400
0,1400

[ELEMENT ЛП 28-12-14]
ЛП 28-12-14

[VIEW_TOP ЛП 28-12-14]
0,0
2800,0
2800,1200
0,1200

[VIEW_SIDE ЛП 28-12-14]
0,0
2800,0
2800,140
0,140

[VIEW_FRONT ЛП 28-12-14]
0,0
1200,0
1200,140
0,140